6
106 1098
372 1096
374 1158
458 1152
454 944
102 942
7
100 874
454 874
502 764
508 680
292 674
294 590
100 586
10
98 528
284 530
288 458
508 454
548 342
540 14
492 14
446 84
222 88
100 178
4
346 626
508 624
508 502
340 502
4
506 1216
500 942
822 950
826 1220
4
858 1218
856 946
964 940
966 1218
4
1000 1214
1006 942
1314 950
1316 1214
4
1374 1222
1370 944
1622 948
1630 1214
5
1714 1222
1772 674
1860 594
1950 596
1914 1220
5
1850 544
1770 458
1762 8
1956 4
1950 538
4
508 876
968 876
970 798
592 800
5
566 728
1318 734
1324 384
746 376
574 480
4
622 318
1314 316
1324 74
594 80
4
1370 324
1366 8
1462 8
1466 318
4
1368 874
1624 884
1620 678
1372 672
4
1376 474
1554 462
1502 366
1376 366
4
1650 466
1558 334
1518 122
1630 124
4
1520 8
1519 66
1706 70
1712 8
